none: 
[-0.01192162 -0.06186563 -0.10960007 -0.09677751 -0.06621143 -0.03302361
 -0.01218189 -0.00621387 -0.00299215 -0.00189448 -0.00106662  0.00080798
  0.00125739  0.00244344  0.00301095  0.00368571  0.00373183  0.00371025
  0.00397433  0.00388674  0.00315928  0.00241913  0.00264065  0.00204468
  0.00232894 -0.06117917 -0.04954116 -0.05187135 -0.07352773 -0.0664366
 -0.05756395 -0.07280541 -0.08066175 -0.07342254 -0.06632045 -0.06490696
 -0.06615956 -0.0677542  -0.07093328 -0.07241277 -0.07337883 -0.07453199
 -0.07557853 -0.07551508 -0.0763072  -0.07623894 -0.0767621  -0.07653127
 -0.07721473 -0.07677738 -0.34841365 -0.3345435  -0.2981074  -0.28765596
 -0.28472641 -0.28405399 -0.29964602 -0.31546449 -0.32655386 -0.33320194
 -0.33640674 -0.33427293 -0.33101096 -0.32962327 -0.3285871  -0.32719648
 -0.32687974 -0.32628289 -0.32584982 -0.32562715 -0.32546688 -0.32590749
 -0.32562907 -0.32551942 -0.32533855 -0.27221183]
up: 
[ 0.29535376 -0.19513325 -0.71521574 -0.32481768  0.02321223 -0.14220041
 -0.11287863 -0.12243061 -0.42516011 -0.29147242 -0.33875701 -0.18410797
 -0.08974952 -0.14631731  0.08638916  0.06182841  0.27654974  0.30908717
  0.37007764  0.52685181  0.56018218  0.58101727  0.58564211  0.5580767
  0.53685485  0.54828019  0.22506695 -0.19610499 -0.80553933 -1.10605028
 -1.36024958 -1.52583162 -1.3973317  -1.16289906 -0.61498476 -0.08983416
 -0.01807201 -0.70215049 -0.58971437 -0.05851581  0.19088719  0.15503105
  0.10675716  0.21715166  0.29133109  0.25115993  0.31669918  0.3631163
  0.35296551  0.24859926  2.50090843  1.83375957  0.02477412 -1.50566809
 -2.31810433 -2.32749903 -1.51857243 -0.49630441  1.13392914 -0.13258758
 -0.96739457 -1.12584083 -0.95894481 -0.18434582  0.35004836  0.70676429
  0.68904859  0.45669061  0.2238929  -0.01835809 -0.15431332 -0.20816064
 -0.23481613 -0.21103662 -0.20466397 -0.0791605 ]
down: 
[  4.12699167e-01   7.43703782e-01  -4.15596094e-01   3.25260233e-01
   1.07505959e+00   1.67322636e+00   9.46030718e-01   1.02568367e+00
   3.51124021e-01   1.80043384e-01   3.07478799e-01   3.29762650e-01
   4.48173860e-02  -8.72696131e-02  -3.35658359e-01  -4.50136713e-01
  -3.87843450e-01  -4.53339630e-01  -3.80852884e-01  -3.34401490e-01
  -3.25125648e-01  -2.87835065e-01  -3.08967831e-01  -3.70030754e-01
  -3.36451710e-01  -3.36582343e-01   1.44533013e-01  -1.01839829e-01
   1.00302262e+00   1.22136353e+00   1.69854951e-01  -4.58378591e-01
  -7.58164904e-01  -4.55224406e-01   3.88193180e-01   5.68937176e-01
  -3.00999757e-03  -4.54075664e-01  -5.18050301e-01  -4.54377541e-01
  -2.95160223e-01  -3.57406240e-01  -4.10093079e-01  -3.65567060e-01
  -4.43458832e-01  -3.27460182e-01  -4.92070894e-01  -4.42710531e-01
  -3.23467479e-01  -3.71058020e-01  -3.52935339e+00  -2.29688113e+00
  -2.67572162e-01   2.76088146e+00   3.75520630e+00   2.81334460e+00
   5.14600634e-01  -1.20154626e+00  -1.67622406e+00  -1.64151675e+00
  -1.37791753e+00  -9.59510912e-01  -4.92132761e-01  -2.58663892e-01
  -1.63697592e-01  -2.20300381e-01  -2.47930108e-01  -2.52340095e-01
  -2.58877436e-01  -2.23530488e-01  -2.27474363e-01  -3.01193757e-01
  -2.28667629e-01  -1.20754108e-01  -1.65170382e-01  -1.97026796e-01]
right: 
[ 1.77908793 -0.40181904  0.12499339  0.34445415  0.9550373   1.09513594
  0.96228439  0.24392142 -0.1658002  -0.38062473 -0.55416794 -0.31223686
  0.20868104  0.53784782  0.99498905  1.19585314  1.41255262  1.26124996
  1.16572646  1.13486002  1.33036054  1.1790516   1.16490052  1.10730868
  1.16468366 -3.34902088 -1.50344882 -2.29770836 -3.25909459 -1.21477773
  1.21179967  1.14944792  2.64988201  5.43325402  4.55871478  2.57767745
  2.30357284  1.24561671  0.63529054 -0.25635423 -0.51844363 -0.56391814
 -0.67693342 -0.57132273 -0.43663826 -0.6202511  -0.63868728 -0.57146389
 -0.5685739  -0.50200724  1.40462015  0.65786309  3.13110332  1.04353329
 -0.33450981 -0.68175911 -0.42625291 -0.23289823 -1.00785569 -1.54552801
 -1.46659912 -0.87411357 -0.66985108 -0.27710119 -0.39979838 -0.40136497
 -0.44978871 -0.43489656 -0.18985852 -0.13208864 -0.16832711 -0.4488681
 -0.47213988 -0.52987608 -0.38112085 -0.62848528]
left: 
[ 0.3630723   0.73142609  0.13321915 -0.57795905 -1.23053448  0.40854544
 -0.02131065  0.18302449  0.53747698 -0.07853296  0.24086664  0.78344285
  0.92375646  1.31432537  1.71304335  1.71520265  0.8759895   0.96550105
  0.79720514  1.26792985  1.19262178  1.0382647   0.72582392  1.7601009
  0.9012797   0.26964774  0.5730919   1.08931908  0.79758965  2.61855279
  2.35416512 -0.19040433 -2.6782136  -4.07341225 -3.98175939 -3.66585387
 -2.07469166 -0.96521966  0.13621487  0.60661429  0.69488301  0.75491702
  0.77727576  0.98684228  1.17193404  0.54480543  0.97603582  0.90447972
  1.41738643  0.68193521 -1.48795997 -1.16750381  0.81857236  0.18569083
 -0.33371406  1.67870178  1.89706681  1.62885656  1.38711359  1.72763011
  0.75686087  0.33117957 -0.20281304 -1.14142865 -1.30875122 -0.98877369
 -1.16405955 -1.22031365 -0.91792816 -0.22745598 -0.62892196 -0.45436172
 -0.99344408 -0.66920384 -0.99216611 -0.57438121]
front: 
[ -2.15423969e+00   5.40043157e-01   1.48002671e+00   5.80175661e-01
  -1.45178138e-01  -8.84526710e-01  -2.89339254e+00  -8.21230437e-01
  -9.27292074e-01  -7.57126973e-01  -4.91894243e+00  -2.76669808e+00
  -5.07090088e+00  -5.04062742e+00  -3.03391941e+00  -1.85317746e+00
  -2.00279782e+00  -1.63710021e+00  -8.59350080e-01  -5.51342467e-01
  -4.70540463e-03   7.71059898e-02  -1.47421865e-01  -9.36902070e-02
   1.64058212e-01  -2.21797713e+00  -2.70066028e+00  -8.13946124e-01
  -1.01946820e+00  -3.05558191e+00   8.46115719e-01  -2.86400908e+00
  -3.59787558e+00  -1.09414004e+00  -1.27540229e+00  -8.82592110e-01
  -1.14470696e+00  -4.06425123e-01   6.20878058e-01   1.46161863e+00
   8.51820296e-01   7.76335039e-01   9.22798005e-01   1.31661788e+00
   9.92767653e-01   9.76226092e-01   8.43249792e-01   1.48895684e+00
   7.10709299e-01   9.37233510e-01  -1.64626565e+00  -3.12164470e+00
  -8.65551641e-01  -1.34912626e-01  -8.76458103e-01   4.48592435e-01
   2.14606008e-01   5.40053056e-01  -2.49361168e-02   9.04578144e-01
   1.44117448e+00   4.06514396e-02  -1.32595421e-01   1.79311879e-01
   4.47363238e-02   1.90905528e-02  -2.01860435e-01   1.66619610e-01
   2.33346753e-02  -2.64872297e-01  -4.38454579e-01   1.90650272e-01
   2.22280157e-01   2.28727737e-02  -6.44073606e-02  -2.07736814e-01]
back: 
[-4.17320613 -2.48516389 -2.92302692 -3.20706336 -3.81699895 -2.55460877
 -2.04327054 -0.99379325 -0.25950313  0.19514537  1.16045346  1.31704715
  1.43497106  1.3219051   1.13063648  0.57855554  0.6698409   0.10813421
  0.11482702  0.01912025  0.03688467 -0.04021808 -0.124525    0.07434472
  0.00520836  0.71198384  0.86785975  0.21474132  0.60230327  0.77445894
  0.86788508  0.43433711  0.21915285  0.20195331  0.6016517   0.54040273
  0.40684895  0.40817332  0.08321031 -0.1371434  -0.69889931 -0.30758724
 -0.68838374 -0.46336141 -0.67997923 -0.59370916 -0.43858978 -0.6392559
 -0.49453611 -0.67504884 -0.53833812 -0.49565344  0.51368618  1.06355811
  0.8181498   0.98418791  0.6525525   0.32710147 -0.51283659 -0.42540973
 -0.38991714 -0.33974229 -0.09782147 -0.0893884   0.06025936 -0.58270235
 -0.10587739 -0.29112466 -0.01461487 -0.02827519 -0.05726753 -0.16164552
 -0.1219774  -0.18772288 -0.18418331 -0.2962156 ]
